가나다라마
가나다라마
가나다라마
가나다라마
Apple
Banana
Cherry
Orange
12345678901234567890123456789012345678901234567890
12345678901234567890123456789012345678901234567890
12345678901234567890123456789012345678901234567890
12345678901234567890123456789012345678901234567890
12345678901234567890123456789012345678901234567890
12345678901234567890123456789012345678901234567890
12345678901234567890123456789012345678901234567890
12345678901234567890123456789012345678901234567890
12345678901234567890123456789012345678901234567890
12345678901234567890123456789012345678901234567890
12345678901234567890123456789012345678901234567890
12345678901234567890123456789012345678901234567890
12345678901234567890123456789012345678901234567890
12345678901234567890123456789012345678901234567890
12345678901234567890123456789012345678901234567890
12345678901234567890123456789012345678901234567890
12345678901234567890123456789012345678901234567890
12345678901234567890123456789012345678901234567890
12345678901234567890123456789012345678901234567890
12345678901234567890123456789012345678901234567890
12345678901234567890123456789012345678901234567890
12345678901234567890123456789012345678901234567890
12345678901234567890123456789012345678901234567890
12345678901234567890123456789012345678901234567890
12345678901234567890123456789012345678901234567890
12345678901234567890123456789012345678901234567890
12345678901234567890123456789012345678901234567890
12345678901234567890123456789012345678901234567890
12345678901234567890123456789012345678901234567890
12345678901234567890123456789012345678901234567890
12345678901234567890123456789012345678901234567890
12345678901234567890123456789012345678901234567890
12345678901234567890123456789012345678901234567890
12345678901234567890123456789012345678901234567890
12345678901234567890123456789012345678901234567890
12345678901234567890123456789012345678901234567890
12345678901234567890123456789012345678901234567890
12345678901234567890123456789012345678901234567890
12345678901234567890123456789012345678901234567890
12345678901234567890123456789012345678901234567890
12345678901234567890123456789012345678901234567890
12345678901234567890123456789012345678901234567890
12345678901234567890123456789012345678901234567890
12345678901234567890123456789012345678901234567890
12345678901234567890123456789012345678901234567890
12345678901234567890123456789012345678901234567890
12345678901234567890123456789012345678901234567890
12345678901234567890123456789012345678901234567890
12345678901234567890123456789012345678901234567890
12345678901234567890123456789012345678901234567890
12345678901234567890123456789012345678901234567890
12345678901234567890123456789012345678901234567890
12345678901234567890123456789012345678901234567890
12345678901234567890123456789012345678901234567890
12345678901234567890123456789012345678901234567890
12345678901234567890123456789012345678901234567890
12345678901234567890123456789012345678901234567890
12345678901234567890123456789012345678901234567890
12345678901234567890123456789012345678901234567890
12345678901234567890123456789012345678901234567890
12345678901234567890123456789012345678901234567890
12345678901234567890123456789012345678901234567890
12345678901234567890123456789012345678901234567890
12345678901234567890123456789012345678901234567890
12345678901234567890123456789012345678901234567890
12345678901234567890123456789012345678901234567890
12345678901234567890123456789012345678901234567890
12345678901234567890123456789012345678901234567890
12345678901234567890123456789012345678901234567890
12345678901234567890123456789012345678901234567890
12345678901234567890123456789012345678901234567890
12345678901234567890123456789012345678901234567890
12345678901234567890123456789012345678901234567890
12345678901234567890123456789012345678901234567890
12345678901234567890123456789012345678901234567890
12345678901234567890123456789012345678901234567890
12345678901234567890123456789012345678901234567890
12345678901234567890123456789012345678901234567890
12345678901234567890123456789012345678901234567890
12345678901234567890123456789012345678901234567890
FileEnd!!!!